 3.99616383113016E+0001
 2.02158079269253E+0001
 5.23328647974057E+0001
 4.30765180532069E+0001
 4.68322049723957E+0001
 3.22218758577430E+0001
 3.28754992412564E+0001
 1.78742700675605E+0001
 4.04167907342186E+0001
 2.92986747612312E+0001
 3.65786851218524E+0001
 5.85683190737014E+0001
 2.60505427188753E+0001
 4.79625541371744E+0001
 5.31122311270283E+0001
 4.02602443461405E+0001
 2.10895060482583E+0001
 2.16847182086964E+0001
 4.01097980698931E+0001
 2.89700542439484E+0001
 3.14132142274501E+0001
 3.19036384753898E+0001
 4.35493237446376E+0001
 2.55000326501519E+0001
 3.89218639589798E+0001
 3.40947941586508E+0001
 2.09629331467340E+0001
 2.30102767787249E+0001
 4.44488385689445E+0001
 3.57169697805507E+0001
 2.82700392371317E+0001
 2.67133736978764E+0001
 2.27401699343803E+0001
 4.92226011493095E+0001
 2.00865940997456E+0001
 5.08900253571277E+0001
 3.63336878707147E+0001
 3.20367576585972E+0001
 2.26474837214263E+0001
 3.33349654895968E+0001
 2.18218190287691E+0001
 2.49013728091786E+0001
 5.66497206307605E+0001
 4.76050006826834E+0001
 3.47314407106624E+0001
 4.56831299252302E+0001
 3.39699889774990E+0001
 9.41563254952069E+0000
 2.07155118030482E+0001
 2.96478754012338E+0001
 5.47787084413522E+0001
 3.63947614651653E+0001
 3.02131562622562E+0001
 3.81758679461782E+0001
 1.77188837613856E+0001
 2.89747643991453E+0001
 3.02812576719390E+0001
 4.23563516716400E+0001
 3.82528787283237E+0001
 2.54968334709378E+0001
 2.76542054814968E+0001
 3.11463317175781E+0001
 4.56695215560354E+0001
 3.08848700441009E+0001
 3.60301598007248E+0001
 4.14629075127613E+0001
 2.63327162910205E+0001
 3.21724198311277E+0001
 4.19341892632089E+0001
 4.62619510141632E+0001
 4.08545599586318E+0001
 2.34154531157441E+0001
 5.24117921388517E+0001
 4.51076451818472E+0001
 3.54895727576693E+0001
 2.39087349117433E+0001
 1.56784901233849E+0001
 4.49815420970481E+0001
 3.38315706939263E+0001
 1.92650051835192E+0001
 4.06303478418468E+0001
 5.40100418998182E+0001
 1.77061693765268E+0001
 3.65229499351970E+0001
 3.61620346685511E+0001
 1.57569205479642E+0001
 2.45183111164808E+0001
 4.43548236404458E+0001
 2.21482800429732E+0001
 4.00074425588237E+0001
 3.72441455185142E+0001
 3.46835217923253E+0001
 3.53206398945051E+0001
 1.09273927729456E+0001
 3.76247989407412E+0001
 3.37538177559457E+0001
 3.65111010411314E+0001
 3.19493010524343E+0001
 4.05210152884296E+0001
 4.57457773967422E+0001
 1.99344731524638E+0001
 3.05289185116665E+0001
 3.64403857306256E+0001
 4.34049484631811E+0001
 1.30406434560824E+0001
 3.83141286241468E+0001
 3.78339917212436E+0001
 5.72791335810775E+0001
 1.76307649555793E+0001
 4.68395014975708E+0001
 4.27189669993683E+0001
 4.06978759194893E+0001
 3.20463571530930E+0001
 3.49256741508768E+0001
 3.79885096459447E+0001
 3.62233471997910E+0001
 2.12246380640847E+0001
 2.99248212628919E+0001
 3.31548766605755E+0001
 1.88169706044759E+0001
 3.15287104438274E+0001
 4.25654888082313E+0001
 3.97378806447631E+0001
 1.33117133641993E+0001
 3.28367245409612E+0001
 5.11620786057888E+0001
 3.22931135579815E+0001
 4.53674893416693E+0001
 4.99569159754382E+0001
 4.68182558413344E+0001
 3.89838341453281E+0001
 4.02727764735135E+0001
 3.13202390674013E+0001
 2.74090256577187E+0001
 3.14038726922658E+0001
 3.81653946159000E+0001
 4.23416489972162E+0001
 2.71015028207983E+0001
 3.52556434455540E+0001
 1.77902255881962E+0001
 5.51628305332524E+0001
 3.99328810106553E+0001
 1.79017536717838E+0001
 4.89273894955279E+0001
 2.68953804507440E+0001
 3.12045717193251E+0001
 4.24042631418661E+0001
 4.39323898667830E+0001
 2.53533541289722E+0001
 4.52693144208127E+0001
 2.25832593816031E+0001
 4.37172923742495E+0001
 3.42927485989878E+0001
 2.28770633596241E+0001
 2.35269375334577E+0001
 4.87705357205666E+0001
 4.12592421593095E+0001
 1.84186471075162E+0001
 3.35844618874272E+0001
 4.17829641918118E+0001
 4.02820415001361E+0001
 2.84846328745717E+0001
 1.98264333403217E+0001
 2.38130101569225E+0001
 4.33180198762055E+0001
 3.57039056779690E+0001
 3.31488600222609E+0001
 3.60120643549566E+0001
 4.44069345376036E+0001
 2.56286608417599E+0001
 3.03996563754135E+0001
 4.06340648651188E+0001
 4.03616273083188E+0001
 2.15039883232292E+0001
 2.98812358059039E+0001
 2.44327937653516E+0001
 4.81835778449315E+0001
 3.32117539039189E+0001
 4.16875486707757E+0001
 2.13061072827874E+0001
 3.61071603273828E+0001
 3.36053911645107E+0001
 3.55430843817009E+0001
 3.40205321730034E+0001
 3.30306839302577E+0001
 3.86879637577957E+0001
 2.41822973417399E+0001
 3.10393402395316E+0001
 3.42036649644441E+0001
 3.06695792052872E+0001
 3.44772686976509E+0001
 2.37175927658948E+0001
 4.07147556392840E+0001
 1.56156443177559E+0001
 3.73697393174363E+0001
 1.96112279563615E+0001
 3.70816874403520E+0001
 3.12059085412997E+0001
 3.11516538998608E+0001
 4.83837504001221E+0001
 1.06851238089147E+0001
 3.03113983227515E+0001
 4.34996325431374E+0001
 3.82429813083031E+0001
 2.78612248934746E+0001
 3.49983373091581E+0001
 2.23027173614778E+0001
 4.00415027347987E+0001
 2.56323687461203E+0001
 3.70197226836206E+0001
 3.17603047478771E+0001
 5.22686942292268E+0001
 4.39595059709920E+0001
 3.56641502669318E+0001
 4.21402166437939E+0001
 4.11445257254265E+0001
 2.73264966320590E+0001
 4.38336392065773E+0001
 5.23453031584694E+0001
 4.56825622413493E+0001
 3.29534924039877E+0001
 3.49895598530837E+0001
 4.20372685813686E+0001
 4.43357264111876E+0001
 2.82272156236424E+0001
 3.81873629282629E+0001
 2.56255494699112E+0001
 3.52791093195389E+0001
 4.40170188599949E+0001
 2.15704753147969E+0001
 3.99348615265302E+0001
 3.09072583399344E+0001
 2.45963826136998E+0001
 4.62172529042757E+0001
 6.71648733184556E+0000
 3.23361701159287E+0001
 4.51003742197745E+0001
 1.56549361056369E+0001
 4.16580176467893E+0001
 3.06481551857862E+0001
 2.69108178937537E+0001
 4.34188664898702E+0001
 3.32554192051223E+0001
 2.08721273230847E+0001
 3.62272236288336E+0001
 4.05904397798023E+0001
 4.44673061389326E+0001
 4.01163057466828E+0001
 3.66036650474029E+0001
 3.86895031682222E+0001
 2.57924278998404E+0001
 3.44318284673707E+0001
 1.24291863799560E+0001
 3.25758264382952E+0001
 4.46561421516643E+0001
 3.55188798694218E+0001
 3.72039038678362E+0001
 2.37592190645826E+0001
 3.33055072854728E+0001
 3.00404238901468E+0001
 5.51298352922611E+0001
 2.63969874981503E+0001
 4.32209107294192E+0001
 4.14250629564341E+0001
 3.60624896235428E+0001
 4.75214075943008E+0001
 4.18692903834913E+0001
 3.85113461229483E+0001
 4.10620024256174E+0001
 2.45952851288862E+0001
 3.03528881311423E+0001
 3.81986298593115E+0001
 3.53643247240626E+0001
 2.32403660402170E+0001
 2.63869983041833E+0001
 4.47374607212169E+0001
 2.98898919972661E+0001
 2.15155460652214E+0001
 4.31506193916631E+0001
 4.99622357736393E+0001
 4.59065960275953E+0001
 2.78847027749443E+0001
 2.04503234166581E+0001
 3.63630740996889E+0001
 2.85505662911599E+0001
 8.98444965071457E+0000
 1.40046266208283E+0001
 3.03904555894563E+0001
 3.45065230623160E+0001
 4.15706797150721E+0001
 2.99781339230702E+0001
 4.54736400149954E+0001
 3.73311532319162E+0001
 5.43806909549061E+0001
 3.99785685555102E+0001
 3.77757912542400E+0001
 4.16841974888316E+0001
 3.41407385311138E+0001
 2.98064716862588E+0001
 2.51419330592575E+0001
 2.73836255622556E+0001
 2.66775557781186E+0001
 3.91737439621446E+0001
 3.60471547043362E+0001
 5.89753889563959E+0001
 2.97426262819964E+0001
 2.61281327257561E+0001
 4.05332310940174E+0001
 4.72468267397555E+0001
 2.63061489296105E+0001
 3.22258759382973E+0001
 2.70819864121602E+0001
 1.48575084057416E+0001
 2.91695483437265E+0001
 4.51934906991879E+0001
 4.15478486485290E+0001
 1.32495228824691E+0001
 3.05195263777691E+0001
 3.44083323696790E+0001
 4.24912031113086E+0001
 3.95019449325533E+0001
 3.44485114726660E+0001
 3.18352121258463E+0001
 4.05587304269046E+0001
 2.92747491783530E+0001
 3.40091825465231E+0001
 2.63692519900197E+0001
 4.39477518711387E+0001
 4.06698316272526E+0001
 3.66794200068580E+0001
 3.33405232554588E+0001
 3.23339668106671E+0001
 3.58822852619103E+0001
 3.08964631984346E+0001
 4.20206614124452E+0001
 3.27594399850610E+0001
 3.39975736868527E+0001
 4.19103529155190E+0001
 4.56470564613557E+0001
 2.30421825338326E+0001
 3.75311574367784E+0001
 3.06333535276164E+0001
 3.60356476304705E+0001
 2.16154283125686E+0001
 3.56434024987913E+0001
 4.27806659376750E+0001
 4.88863496709554E+0001
 3.74527210621278E+0001
 2.45646840546291E+0001
 3.98634592885305E+0001
 4.15435782195990E+0001
 1.39421395130249E+0001
 2.56149061238592E+0001
 4.07777642824535E+0001
 4.27060995681498E+0001
 4.28106729866578E+0001
 4.03280078102442E+0001
 2.77439005805510E+0001
 3.38424266528179E+0001
 4.44202827725612E+0001
 2.32537989574600E+0001
 2.88810249884084E+0001
 3.47468830694825E+0001
 5.35792661418398E+0001
 3.74865977884561E+0001
 2.52033249863208E+0001
 2.67072166697189E+0001
 2.69558986548149E+0001
 5.00346143373837E+0001
 3.83230930527953E+0001
 1.98289671790049E+0001
 3.47725601509194E+0001
 4.00690595228676E+0001
 3.54320125021106E+0001
 2.66403301774634E+0001
 4.36827592445819E+0001
 4.76300944410659E+0001
 2.75499730494626E+0001
 4.09490419145750E+0001
 4.39753840899503E+0001
 3.02912663898857E+0001
 4.39096596638006E+0001
 3.81221363045897E+0001
 1.91299558197242E+0001
 3.37929177422490E+0001
 3.80532990599626E+0001
 3.52338073537886E+0001
 2.66032018485882E+0001
 3.94711075322277E+0001
 3.54200385279465E+0001
 4.76921358902090E+0001
 2.60095277676274E+0001
 3.11495186387587E+0001
 3.41144081419806E+0001
 3.87069486301655E+0001
 3.60803548191397E+0001
 3.25004292949453E+0001
 3.29575613320293E+0001
 4.21412007284676E+0001
 4.79905730623270E+0001
 2.67915970371949E+0001
 3.45466452553799E+0001
 4.49859759913052E+0001
 4.95861810359855E+0001
 3.71977506680878E+0001
 4.57968348819352E+0001
 3.60802188801923E+0001
 3.01401727752122E+0001
 3.02584526306424E+0001
 3.95356356098399E+0001
 2.37390168832090E+0001
 4.50951416189740E+0001
 4.41977421984802E+0001
 2.57460170889763E+0001
 4.47748336515550E+0001
 4.28426751242722E+0001
 3.62992739571133E+0001
 4.68471641054949E+0001
 4.95005710405345E+0001
 4.46862257242247E+0001
 4.11307311460992E+0001
 4.20531928640792E+0001
 4.29239798871451E+0001
 4.30581619159034E+0001
 2.26117971464384E+0001
 3.22826555502019E+0001
 4.60801383082184E+0001
 4.01257349967217E+0001
 4.92154630587018E+0001
 3.54013480261218E+0001
 4.14326602383379E+0001
 4.81844326089344E+0001
 3.00901979473618E+0001
 2.97663789226426E+0001
 3.49992354812257E+0001
 2.83686960912930E+0001
 5.16434792457226E+0001
 4.13348217031368E+0001
 4.16657164798669E+0001
 3.22097560034915E+0001
 1.89890652085688E+0001
 2.89664997561054E+0001
 3.09119392142285E+0001
 3.47096630223837E+0001
 2.56606608849263E+0001
 4.48265551529140E+0001
 2.73887366043487E+0001
 2.77288232195022E+0001
 2.61394993771118E+0001
 4.15214449099331E+0001
 2.11361509999305E+0001
 3.19528837973209E+0001
 3.79095583921415E+0001
 3.07778527258269E+0001
 3.66284763591288E+0001
 3.75758643268072E+0001
 5.43967632645095E+0001
 4.06396496133735E+0001
 4.48943337824641E+0001
 4.19571375258438E+0001
 3.08570348268158E+0001
 2.26101596202312E+0001
 5.09401317303866E+0001
 4.84614069163595E+0001
 3.43004675526194E+0001
 4.83561075991302E+0001
 4.32800146557469E+0001
 3.97173882186511E+0001
 2.96136651679485E+0001
 2.51848957656936E+0001
 4.90267204293701E+0001
 3.42367726625391E+0001
 2.82380573440028E+0001
 3.82471167941199E+0001
 4.17062455520249E+0001
 3.01547863327324E+0001
 2.65949975889970E+0001
 3.83758374981706E+0001
 2.80640230782371E+0001
 4.12044819891149E+0001
 3.01255053213198E+0001
 4.26729698182850E+0001
 3.34128860719419E+0001
 3.88242375233260E+0001
 4.45456672599506E+0001
 3.78803328257459E+0001
 3.04245483236313E+0001
 8.55984967536359E+0000
 2.58477611142886E+0001
 5.39170874635897E+0000
 5.73598290876530E+0001
 2.21305475826846E+0001
 3.44848533416735E+0001
 3.41784106331417E+0001
 3.46140840705048E+0001
 3.86822904916540E+0001
 1.55837142695424E+0001
 2.76237734036973E+0001
 4.51918990188900E+0001
 5.58915722765798E+0001
 2.37266781265545E+0001
 2.30261481287411E+0001
 4.04473184660930E+0001
 3.16799719112760E+0001
 1.94576577487940E+0001
 2.94380123186883E+0001
 2.55610688619471E+0001
 2.90599508614128E+0001
 1.77847942696351E+0001
 3.10768340702860E+0001
 3.16307074514713E+0001
 2.90936838408166E+0001
 2.87710928527798E+0001
 3.38655469763034E+0001
 3.84837643445521E+0001
 3.74962330848943E+0001
 2.87345150674072E+0001
 3.84004037521038E+0001
 3.55340331391680E+0001
 3.03783252396981E+0001
 2.25476025353665E+0001
 2.72982227493165E+0001
 2.48926523594199E+0001
 2.81854550134293E+0001
 4.97886649823184E+0001
 4.10781665759153E+0001
 4.22132102744235E+0001
 3.86116797592429E+0001
 3.27607623376160E+0001
 3.17150182893752E+0001
 2.81368243093515E+0001
 3.53409154218887E+0001
 3.46721080300416E+0001
 5.10607357805393E+0001
 5.20102044779308E+0001
 4.74645130704832E+0001
 3.49916181185022E+0001
 4.18993559898561E+0001
 3.64666901538381E+0001
 3.97804097357942E+0001
 1.48272936716942E+0001
 3.44363856168798E+0001
 4.27528749662756E+0001
 3.62479387058105E+0001
 3.34356540548986E+0001
 4.04923070160808E+0001
 2.73401137771706E+0001
 2.75724836809852E+0001
 3.17412312801504E+0001
 3.10280375262651E+0001
 3.75637225865555E+0001
 3.07948672388369E+0001
 2.33076168229115E+0001
 3.10540591448068E+0001
 2.66772017453003E+0001
 4.81759030228386E+0001
 3.87721617255940E+0001
 4.18711723083477E+0001
 3.22281059056080E+0001
 1.15838678462421E+0001
 4.09935392685795E+0001
 4.13871431963438E+0001
 9.79241745451119E+0000
 4.97493966187153E+0001
 2.13151477166476E+0001
 2.83809378191332E+0001
 2.90948165456970E+0001
 2.65754850350270E+0001
 4.25338504301682E+0001
 3.17872532150797E+0001
 3.89758943106303E+0001
 3.36336352356582E+0001
 2.73693387332820E+0001
 4.49235581583010E+0001
 3.81143676522741E+0001
 3.18192623155834E+0001
 3.59854504360296E+0001
 7.38489003583619E+0001
 3.17630785224589E+0001
 5.87853241794985E+0001
 3.37423615926332E+0001
 4.79563942806377E+0001
 2.05277396339946E+0001
 4.44661716613362E+0001
 3.86009529567691E+0001
 3.16764965652048E+0001
 4.09338994014130E+0001
 5.80392236305190E+0001
 3.30849643930592E+0001
 2.77189021796074E+0001
 1.74924910229788E+0001
 1.33224291765751E+0001
 2.99175567987364E+0001
 3.71534185629403E+0001
 4.51193357714589E+0001
 2.90235736304427E+0001
 2.95647389654669E+0001
 4.65099955123069E+0001
 2.41517400229620E+0001
 4.33187319573867E+0001
 2.64470521234653E+0001
 4.33938570712339E+0001
 2.98814457751019E+0001
 3.27082618367289E+0001
 3.29158727804896E+0001
 4.27157223563724E+0001
 3.74525594613387E+0001
 2.70330692444047E+0001
 4.34812292931904E+0001
 1.94306673940967E+0001
 4.91787831390847E+0001
 3.99063387678815E+0001
 2.98591117937285E+0001
 5.29269000585494E+0001
 4.32429019000489E+0001
 3.43827115843230E+0001
 1.79023280067495E+0001
 2.90449061146864E+0001
 3.22013904301014E+0001
 2.81007049894521E+0001
 2.00471407079088E+0001
 5.03302758119569E+0001
 4.76188718482262E+0001
 3.27037708137496E+0001
 3.06043661333126E+0001
 3.17049758030623E+0001
 2.72853087608815E+0001
 3.42126334982795E+0001
 4.41871980497230E+0001
 4.56931539752231E+0001
 4.49871552224390E+0001
 3.13260065780996E+0001
 3.83868152387480E+0001
 3.94311494192942E+0001
 2.76104402403158E+0001
 3.12284920430398E+0001
 5.98292729864817E+0001
 3.94211476410094E+0001
 3.15282940074172E+0001
 3.35799092551611E+0001
 4.14784636276599E+0001
 3.13705644335182E+0001
 3.32942741062032E+0001
 2.44073646183445E+0001
 4.54612559534464E+0001
 3.86815747985183E+0001
 2.59959679736121E+0001
 3.86823209973947E+0001
 3.89826992352282E+0001
 4.78702588195743E+0001
 2.53231339423366E+0001
 4.73116266268121E+0001
 4.21898818229107E+0001
 2.04883789281098E+0001
 3.22229769886677E+0001
 5.26586075453264E+0001
 4.38325317026980E+0001
 3.52232935538014E+0001
 4.22795786073957E+0001
 2.50993986154909E+0001
 3.15281591687191E+0001
 1.68736191890670E+0001
 5.79025679227604E+0001
 3.48562069618797E+0001
 2.51905916757323E+0001
 3.63125734616106E+0001
 4.20716969846203E+0001
 2.74402493194734E+0001
 3.08961183016934E+0001
 5.67513766914770E+0000
 3.10649384546966E+0001
 3.18472955702385E+0001
 4.43513446139912E+0001
 3.31235001945383E+0001
 2.01992476991195E+0001
 3.45293672617707E+0001
 3.96526616746199E+0001
 3.71437286454452E+0001
 3.48710593081817E+0001
 5.06377015193099E+0001
 2.70636855070927E+0001
 3.83838567727932E+0001
 2.87345419167485E+0001
 5.51002062329378E+0001
 4.04844265522925E+0001
 1.71785379495720E+0001
 4.19990498018483E+0001
 3.33001564730913E+0001
 4.63488037513313E+0001
 1.29409356233931E+0001
 4.28731641392566E+0001
 2.69693275638477E+0001
 5.73512589330691E+0001
 2.43312720115065E+0001
 3.67328134586456E+0001
 2.85994336252476E+0001
 2.90935410149092E+0001
 2.37776298622633E+0001
 2.87939549359836E+0001
 2.63609080826897E+0001
 2.54993674564274E+0001
 3.76562165558361E+0001
 1.97975859738687E+0001
 3.88770405993083E+0001
 1.70772049850468E+0001
 4.47311198082651E+0001
 3.01571267963256E+0001
 2.25121662832068E+0001
 1.72046476573973E+0001
 4.20129966586261E+0001
 3.97590235782405E+0001
 2.59503703067280E+0001
 7.11124139227446E+0001
 4.43562486245576E+0001
 4.43024160222423E+0001
 5.37263791622042E+0001
 3.06057160908669E+0001
 3.27118261460842E+0001
 4.10301727138343E+0001
 5.00295842599990E+0001
 3.60197586842968E+0001
 2.70146723114734E+0001
 3.69775392219959E+0001
 2.90346515914953E+0001
 2.90686714682510E+0001
 4.85963263959272E+0001
 4.48910984185046E+0001
 2.49330527905523E+0001
 3.05336369161269E+0001
 4.22342487327587E+0001
 2.65729669098451E+0001
 4.03072952820264E+0001
 2.75345866137789E+0001
 4.46992480573157E+0001
 3.16174236320471E+0001
 3.69628308641669E+0001
 5.12995752346280E+0001
 3.89025513690505E+0001
 2.79558945460794E+0001
 3.85350439115969E+0001
 3.84734788315722E+0001
 5.16012755777273E+0001
 3.96024669409911E+0001
 2.07897724992816E+0001
 2.59431228141639E+0001
 4.16769414521104E+0001
 4.97058043131160E+0001
 3.47965339202542E+0001
 4.33833306634932E+0001
 1.24214387857559E+0001
 3.11121254994236E+0001
 5.10000541992148E+0001
 4.41532297554035E+0001
 4.36101991557600E+0001
 2.54494988777273E+0001
 4.92745469755634E+0001
 4.12909017549013E+0001
 2.98578226746549E+0001
 3.70830029238093E+0001
 4.30303611918028E+0001
 1.91819866012496E+0001
 2.09480680431042E+0001
 5.72603666755270E+0001
 4.42378834178795E+0001
 3.56918120715343E+0001
 2.35160742653722E+0001
 1.20716557326036E+0001
 3.16342110966740E+0001
 3.82771753919389E+0001
 3.54385850809053E+0001
 3.27842521974706E+0001
 3.43205999814510E+0001
 3.00409394527541E+0001
 3.13541556023087E+0001
 2.96579761294478E+0001
 3.75596827760307E+0001
 2.57303472886411E+0001
 2.70603370565954E+0001
 2.09926059663680E+0001
 3.68154806443435E+0001
 2.66182944228038E+0001
 3.89333624701141E+0001
 3.83409120512850E+0001
 3.11469446298334E+0001
 3.80131923433079E+0001
 2.28550065935353E+0001
 1.91923402106868E+0001
 3.24578459837882E+0001
 1.98623509639424E+0001
 3.83010878514352E+0001
 3.01776224852559E+0001
 2.47826709598684E+0001
 4.33378765512818E+0001
 5.11976809476098E+0001
 2.74334706947835E+0001
 2.58221394861445E+0001
 4.51685253412213E+0001
 4.34281036252039E+0001
 3.76416940084265E+0001
 3.64971448849922E+0001
 2.12382838587077E+0001
 3.96809404100702E+0001
 4.37058551474427E+0001
 3.30531227323685E+0001
 5.05835426092880E+0001
 4.23317278574758E+0001
 4.83760459688260E+0001
 3.13467504146453E+0001
 2.79991787398410E+0001
 4.76569289522322E+0001
 4.83507497129446E+0001
 2.06704931309481E+0001
 5.83593918976732E+0001
 2.41437313166875E+0001
 3.45936161113181E+0001
 2.44125921137701E+0001
 3.10762832394928E+0001
 3.83217553731926E+0001
 4.68833665863060E+0001
 4.52872382247833E+0001
 3.08102440404030E+0001
 3.07846678778797E+0001
 2.69968551132144E+0001
 2.70464473391859E+0001
 2.48552189612772E+0001
 3.49739988799639E+0001
 3.29993575034776E+0001
 3.63493017903797E+0001
 2.72974598726361E+0001
 4.39548008734827E+0001
 3.89875002374836E+0001
 2.73805836978223E+0001
 4.40665054999618E+0001
 4.40109955041329E+0001
 1.97148049349197E+0001
 4.85620398763168E+0001
 3.13981193877462E+0001
 4.04681793925665E+0001
 4.53208380923023E+0001
 3.36721332464743E+0001
 5.03991012058503E+0001
 4.42100723247319E+0001
 4.32842749401437E+0001
 3.83118865016046E+0001
 3.14945429681345E+0001
 4.36826943655248E+0001
 3.67329203798783E+0001
 4.49415865656885E+0001
 4.49510435227582E+0001
 3.42360715178470E+0001
 3.32531835241657E+0001
 2.85952485794110E+0001
 3.24371002402126E+0001
 3.11171081417604E+0001
 3.74705077759542E+0001
 4.77666993767947E+0001
 4.36658290684172E+0001
 3.99892841333181E+0001
 3.48904912314114E+0001
 4.00434354999472E+0001
 3.61249412121772E+0001
 2.64053703317085E+0001
 4.28560125177315E+0001
 3.45257453651216E+0001
 4.34582337786078E+0001
 4.79267263969255E+0001
 4.44683805929817E+0001
 3.79538376472319E+0001
 3.29884715187332E+0001
 4.82493814622507E+0001
 2.70371133841944E+0001
 3.12660181574906E+0001
 2.14312616763008E+0001
 2.64051349561132E+0001
 2.93388058458025E+0001
 3.01344177249208E+0001
 2.55450565084698E+0001
 2.84114371274315E+0001
 2.78606546524444E+0001
 3.48911504700282E+0001
 4.54053748317040E+0001
 4.08417806218801E+0001
 1.89207101338530E+0001
 4.13448557047790E+0001
 4.74027288239666E+0001
 1.65064980635664E+0001
 4.31678213305632E+0001
 4.10878793400200E+0001
 2.52762968975702E+0001
 2.39117379005811E+0001
 2.73111444608976E+0001
 4.81861908521125E+0001
 4.76631925857748E+0001
 4.33260890333069E+0001
 2.10828874817658E+0001
 5.41992636108871E+0001
 1.22228485988931E+0001
 3.52212023611283E+0001
 3.90636354509888E+0001
 2.95317875129828E+0001
 3.56787469504076E+0001
 3.38501942691081E+0001
 4.20654621360641E+0001
 3.28089007260692E+0001
 2.71746129518246E+0001
 4.42032091045467E+0001
 3.28417917193827E+0001
 2.74564778462831E+0001
 3.03859720941685E+0001
 4.46637647626452E+0001
 2.13545625561345E+0001
 1.83571712074830E+0001
 2.86004839654976E+0001
 2.43563804830657E+0001
 2.14060296922485E+0001
 3.17977958081439E+0001
 2.89561318997078E+0001
 3.59228879793703E+0001
 4.34282615273190E+0001
 3.35968854062404E+0001
 3.93611611722572E+0001
 4.07365192872748E+0001
 3.26266562161386E+0001
 4.27855898792561E+0001
 3.83888004693664E+0001
 4.85185992001506E+0001
 1.90037263965853E+0001
 2.57070883383528E+0001
 2.49734990144913E+0001
 2.73317628525659E+0001
 3.20760435248726E+0001
 3.43019688293604E+0001
 3.21916133156426E+0001
 2.79036766755791E+0001
 3.99103972926363E+0001
 3.55865116373502E+0001
 3.42637373353169E+0001
 4.52721113121289E+0001
 1.20061947541837E+0001
 3.65735963877271E+0001
 3.39699044816184E+0001
 4.43881706817561E+0001
 4.15231468314730E+0001
 4.07033159912318E+0001
 4.37695381157036E+0001
 3.88718847770024E+0001
 3.70064519094353E+0001
 2.96759879942057E+0001
 3.80104023171038E+0001
 2.78081805600146E+0001
 3.38671236854678E+0001
 4.04642544724529E+0001
 3.98227460436242E+0001
 4.71049160293219E+0001
 4.43117012714814E+0001
 3.70259244379798E+0001
 3.51124679791939E+0001
 3.34567233853336E+0001
 3.19266330256068E+0001
 2.39226530781133E+0001
 3.31547051363180E+0001
 1.96519092496189E+0001
 1.74290723724625E+0001
 4.26622669188084E+0001
 3.47099076781816E+0001
 3.14410540212708E+0001
 4.43239646108276E+0001
 4.24166419953463E+0001
 2.12752611833708E+0001
 3.72374253203915E+0001
 3.88943059133984E+0001
 2.77164114851630E+0001
 3.11173182936774E+0001
 3.79172123863267E+0001
 3.49149520676962E+0001
 4.09197712493841E+0001
 4.48916380153470E+0001
 5.16858726612913E+0001
 5.66603229521155E+0001
 1.86093778838328E+0001
 2.03394301829874E+0001
 3.08095499180137E+0001
 4.04493516135850E+0001
 3.28487410876997E+0001
 5.39896360012318E+0001
 4.95163016271805E+0001
 4.10515415518756E+0001
 3.45740984205678E+0001
 4.29510125893469E+0001
 3.47015863046469E+0001
 3.46831627909154E+0001
 3.41128688840745E+0001
 3.00438331881926E+0001
 4.31459524408459E+0001
 4.14062141164568E+0001
 2.35693689694663E+0001
 4.66349743463916E+0001
 3.01892291567357E+0001
 3.57777112320790E+0001
 3.42395407677612E+0001
 3.94625516387014E+0001
 2.58281780180588E+0001
 3.28680397664438E+0001
 3.77185005857425E+0001
 3.60890653528399E+0001
 4.03025126297022E+0001
 4.69357496976319E+0001
 4.35014614015795E+0001
 3.91041671139297E+0001
 4.22528747601721E+0001
 5.37349320298284E+0001
 3.43328908285641E+0001
 3.75392979140710E+0001
 2.63972806273557E+0001
 5.11931564924397E+0001
 3.86964830592643E+0001
 3.43694201387221E+0001
 2.30031172089776E+0001
 4.41256462961892E+0001
 1.69503913790637E+0001
 2.25925706439203E+0001
 1.79046921952985E+0001
 4.85776993423115E+0001
 3.50797482385780E+0001
 1.86959766287181E+0001
 3.44413894692829E+0001
 3.59535315012978E+0001
 5.17771026741728E+0001
 4.14048588971603E+0001
 4.03133746245095E+0001
 5.59936523637524E+0001
 4.26775519333869E+0001
 7.00783751490677E+0000
 1.36062433278585E+0001
 3.92612854736199E+0001
 3.74387724161956E+0001
 3.31447861481963E+0001
 1.91447008610951E+0001
 3.77719730699130E+0001
 5.22309197018120E+0001
 5.20441159270756E+0001
 5.78711084108193E+0001
 7.67078378208359E+0001
 7.33732402618997E+0001
 7.26838068244301E+0001
 4.57102616557616E+0001
 5.14456242756122E+0001
 1.61862527190094E+0001
 8.40317903532446E+0000
 1.95503207860460E+0000
 4.74795975771943E+0001
 6.41289820066336E+0001
 3.93673299009820E+0001
 3.46114483323614E+0001
 4.82353611518730E+0001
 3.70626565242798E+0001
 3.44373390358791E+0001
 3.38399069429241E+0001
 9.85521289250272E+0000
 3.72878542099311E+0001
 3.54860259587938E+0001
 3.08812903261229E+0001
 4.45281104609044E+0001
 2.80962288989071E+0001
 3.46806425207020E+0001
 3.50073373397882E+0001
 7.02715219606227E+0001
 9.03526137262321E+0001
 1.05088188853601E+0002
 8.61909478918536E+0001
 1.11180717538564E+0002
 1.17769371063971E+0002
 1.13833472278664E+0002
 1.11342852271098E+0002
 1.15018477644298E+0002
 1.29234720842361E+0002
 1.03371961970949E+0002
 1.21221343344700E+0002
 1.18023252596014E+0002
 1.15613665190363E+0002
 9.86324955884353E+0001
 9.55465634434031E+0001
 9.14459920761333E+0001
 8.77822667151526E+0001
 7.02183744958565E+0001
 8.98596517914386E+0001
 7.84783883731768E+0001
 5.94471233426728E+0001
 5.73143681221549E+0001
 6.10869665908909E+0001
 7.61393974051058E+0001
 5.76896609971861E+0001
 5.40563392171740E+0001
 6.98058928909230E+0001
 5.91589912085564E+0001
 6.32324359148005E+0001
 6.32979486172343E+0001
 6.66357697274122E+0001
 8.65071999937081E+0001
 6.63160180554303E+0001
 8.88094619726912E+0001
 9.52574884253173E+0001
 9.73827723990543E+0001
 1.01869907465022E+0002
 1.07807987298816E+0002
 1.09609182605003E+0002
 1.16164064405216E+0002
 1.04292032805827E+0002
 7.56150149769098E+0001
 8.57974262100438E+0001
 8.92650479383441E+0001
 8.43573927426866E+0001
 7.13429057542966E+0001
 7.84275824876775E+0001
 8.36881945824378E+0001
 8.44086955974651E+0001
 1.01622447565848E+0002
 1.03924952575489E+0002
 1.00514734354175E+0002
 1.03005554926976E+0002
 1.20740653380811E+0002
 1.21417179814055E+0002
 1.14455828487077E+0002
 9.28445155261833E+0001
 1.14099109465133E+0002
 1.25182644130763E+0002
 1.08355589002167E+0002
 9.81940752374910E+0001
 1.09617949487434E+0002
 9.04217180967327E+0001
 1.02615467846192E+0002
 9.88677515769314E+0001
 9.47975014192889E+0001
 1.19728135762642E+0002
 1.06022990406821E+0002
 8.92364678151315E+0001
 9.23991474309251E+0001
 9.84928633480288E+0001
 7.73251218832212E+0001
 9.01295231369109E+0001
 9.88493910877963E+0001
 8.82502135707071E+0001
 8.02590172132264E+0001
 7.96621848944825E+0001
 6.93887788210619E+0001
 6.73221679694357E+0001
 6.32288075695212E+0001
 7.46573081848227E+0001
 3.33084546306673E+0001
 4.50128560257260E+0001
 3.47143465607364E+0001
 5.59173440049070E+0001
 5.68699534906058E+0001
 2.78303686763158E+0001
 4.73368004874756E+0001
